
Statistics about input sets:
12775 	 elements in Motherfile_211223.csv
1000 	 elements in Data_3a_inlusion_criteria.csv
7000 	 elements in Data_3b_includedrecords.csv
6997 	 elements in Data_3c_active_learning.csv

Statistics after merging:
3914	 unique records in ../Data/Data_0_Synergy.csv
1613	 unique records in ../Data/Data_1_old_replication.csv
1027	 unique records in ../Data/Data_2_old_comprehensive.csv
244	 unique records in Data_4a_snowballing.csv
440	 unique records in Data_3a_inlusion_criteria.csv
3701	 unique records in Data_3b_includedrecords.csv
4079	 unique records in Data_3c_active_learning.csv

   row_as_str  frequency
0     0000001       4079
1     0110000       3962
2     1000000       3914
3     0000010       3701
4     0000011       1896
5     0100000       1613
6     0010000       1027
7     0000100        440
8     1110000        368
9     0110011        332
10    0110010        273
11    0001000        244
12    0110001        189
13    0000110        181
14    0110100        101
15    1100000         70
16    0110111         69
17    0000111         66
18    0001010         56
19    0110110         53
20    0111011         44
21    0001011         41
22    1010000         34
23    1110010         30
24    0010011         30
25    1110011         29
26    1000011         27
27    0010010         25
28    0010001         24
29    1000010         22
30    0100010         18
31    0111000         18
32    0100011         17
33    0001001         15
34    1110001         11
35    0000101         10
36    0111111         10
37    1110100          8
38    0100100          8
39    0010100          7
40    1000001          7
41    0100001          7
42    0110101          6
43    0111001          5
44    0011011          5
45    1110111          5
46    0001110          5
47    0001111          5
48    1110110          4
49    1010011          4
50    1000111          3
51    0011000          3
52    1100011          2
53    1100001          2
54    0101000          2
55    0100111          2
56    0010110          2
57    0010111          2
58    0111100          2
59    0111010          2
60    0011010          1
61    1000101          1
62    0111110          1
63    0011001          1
64    1110101          1
65    0000000          1
66    0001100          1
67    0111101          1
68    1100100          1
69    0101011          1
70    1000110          1

    frequency  0  1  2  3  4  5  6
0        4079  0  0  0  0  0  0  1
1        3962  0  1  1  0  0  0  0
2        3914  1  0  0  0  0  0  0
3        3701  0  0  0  0  0  1  0
4        1896  0  0  0  0  0  1  1
5        1613  0  1  0  0  0  0  0
6        1027  0  0  1  0  0  0  0
7         440  0  0  0  0  1  0  0
8         368  1  1  1  0  0  0  0
9         332  0  1  1  0  0  1  1
10        273  0  1  1  0  0  1  0
11        244  0  0  0  1  0  0  0
12        189  0  1  1  0  0  0  1
13        181  0  0  0  0  1  1  0
14        101  0  1  1  0  1  0  0
15         70  1  1  0  0  0  0  0
16         69  0  1  1  0  1  1  1
17         66  0  0  0  0  1  1  1
18         56  0  0  0  1  0  1  0
19         53  0  1  1  0  1  1  0
20         44  0  1  1  1  0  1  1
21         41  0  0  0  1  0  1  1
22         34  1  0  1  0  0  0  0
23         30  1  1  1  0  0  1  0
24         30  0  0  1  0  0  1  1
25         29  1  1  1  0  0  1  1
26         27  1  0  0  0  0  1  1
27         25  0  0  1  0  0  1  0
28         24  0  0  1  0  0  0  1
29         22  1  0  0  0  0  1  0
30         18  0  1  0  0  0  1  0
31         18  0  1  1  1  0  0  0
32         17  0  1  0  0  0  1  1
33         15  0  0  0  1  0  0  1
34         11  1  1  1  0  0  0  1
35         10  0  0  0  0  1  0  1
36         10  0  1  1  1  1  1  1
37          8  1  1  1  0  1  0  0
38          8  0  1  0  0  1  0  0
39          7  0  0  1  0  1  0  0
40          7  1  0  0  0  0  0  1
41          7  0  1  0  0  0  0  1
42          6  0  1  1  0  1  0  1
43          5  0  1  1  1  0  0  1
44          5  0  0  1  1  0  1  1
45          5  1  1  1  0  1  1  1
46          5  0  0  0  1  1  1  0
47          5  0  0  0  1  1  1  1
48          4  1  1  1  0  1  1  0
49          4  1  0  1  0  0  1  1
50          3  1  0  0  0  1  1  1
51          3  0  0  1  1  0  0  0
52          2  1  1  0  0  0  1  1
53          2  1  1  0  0  0  0  1
54          2  0  1  0  1  0  0  0
55          2  0  1  0  0  1  1  1
56          2  0  0  1  0  1  1  0
57          2  0  0  1  0  1  1  1
58          2  0  1  1  1  1  0  0
59          2  0  1  1  1  0  1  0
60          1  0  0  1  1  0  1  0
61          1  1  0  0  0  1  0  1
62          1  0  1  1  1  1  1  0
63          1  0  0  1  1  0  0  1
64          1  1  1  1  0  1  0  1
65          1  0  0  0  0  0  0  0
66          1  0  0  0  1  1  0  0
67          1  0  1  1  1  1  0  1
68          1  1  1  0  0  1  0  0
69          1  0  1  0  1  0  1  1
70          1  1  0  0  0  1  1  0
