
Statistics about input sets:
12775 	 elements in Motherfile_211223.csv
1000 	 elements in Data_3a_inlusion_criteria.csv
1009 	 elements in Data_3b_includedrecords_top88.csv
1000 	 elements in Data_3c_active_learning_total1000.csv

Statistics after merging:
3956	 unique records in ../Data/Data_0_Synergy.csv
1640	 unique records in ../Data/Data_1_old_replication.csv
1083	 unique records in ../Data/Data_2_old_comprehensive.csv
329	 unique records in Data_4a_snowballing.csv
653	 unique records in Data_3a_inlusion_criteria.csv
692	 unique records in Data_3b_includedrecords_top88.csv
634	 unique records in Data_3c_active_learning_total1000.csv

   row_as_str  frequency
0     0110000       4567
1     1000000       3956
2     0100000       1640
3     0010000       1083
4     0000010        692
5     0000100        653
6     0000001        634
7     1110000        410
8     0001000        329
9     0110100        182
10    0110001         93
11    1100000         72
12    0110010         71
13    0000011         67
14    0111000         35
15    1010000         35
16    0000110         31
17    0110011         25
18    0111001         20
19    0010001         19
20    0110110         17
21    0001010         16
22    0110111         16
23    1110100         15
24    0110101         14
25    1110001         13
26    0111011         11
27    0010100         10
28    0100100          9
29    1110011          8
30    0001001          8
31    0001100          8
32    0000101          8
33    1110010          7
34    1000010          6
35    0111111          6
36    0011000          6
37    1000001          6
38    0100001          6
39    0000111          5
40    0111101          5
41    0100011          5
42    0100010          4
43    0111010          3
44    0001011          3
45    0111100          3
46    1010001          3
47    0010011          3
48    1000011          2
49    1100001          2
50    0011011          2
51    0011001          2
52    1000110          2
53    0101000          2
54    0001101          2
55    1000100          2
56    1000101          1
57    1110111          1
58    1110101          1
59    0010010          1
60    0001111          1
61    1110110          1
62    0010111          1
63    0101011          1
64    0100101          1
65    1100100          1
66    0000000          1

    frequency  0  1  2  3  4  5  6
0        4567  0  1  1  0  0  0  0
1        3956  1  0  0  0  0  0  0
2        1640  0  1  0  0  0  0  0
3        1083  0  0  1  0  0  0  0
4         692  0  0  0  0  0  1  0
5         653  0  0  0  0  1  0  0
6         634  0  0  0  0  0  0  1
7         410  1  1  1  0  0  0  0
8         329  0  0  0  1  0  0  0
9         182  0  1  1  0  1  0  0
10         93  0  1  1  0  0  0  1
11         72  1  1  0  0  0  0  0
12         71  0  1  1  0  0  1  0
13         67  0  0  0  0  0  1  1
14         35  0  1  1  1  0  0  0
15         35  1  0  1  0  0  0  0
16         31  0  0  0  0  1  1  0
17         25  0  1  1  0  0  1  1
18         20  0  1  1  1  0  0  1
19         19  0  0  1  0  0  0  1
20         17  0  1  1  0  1  1  0
21         16  0  0  0  1  0  1  0
22         16  0  1  1  0  1  1  1
23         15  1  1  1  0  1  0  0
24         14  0  1  1  0  1  0  1
25         13  1  1  1  0  0  0  1
26         11  0  1  1  1  0  1  1
27         10  0  0  1  0  1  0  0
28          9  0  1  0  0  1  0  0
29          8  1  1  1  0  0  1  1
30          8  0  0  0  1  0  0  1
31          8  0  0  0  1  1  0  0
32          8  0  0  0  0  1  0  1
33          7  1  1  1  0  0  1  0
34          6  1  0  0  0  0  1  0
35          6  0  1  1  1  1  1  1
36          6  0  0  1  1  0  0  0
37          6  1  0  0  0  0  0  1
38          6  0  1  0  0  0  0  1
39          5  0  0  0  0  1  1  1
40          5  0  1  1  1  1  0  1
41          5  0  1  0  0  0  1  1
42          4  0  1  0  0  0  1  0
43          3  0  1  1  1  0  1  0
44          3  0  0  0  1  0  1  1
45          3  0  1  1  1  1  0  0
46          3  1  0  1  0  0  0  1
47          3  0  0  1  0  0  1  1
48          2  1  0  0  0  0  1  1
49          2  1  1  0  0  0  0  1
50          2  0  0  1  1  0  1  1
51          2  0  0  1  1  0  0  1
52          2  1  0  0  0  1  1  0
53          2  0  1  0  1  0  0  0
54          2  0  0  0  1  1  0  1
55          2  1  0  0  0  1  0  0
56          1  1  0  0  0  1  0  1
57          1  1  1  1  0  1  1  1
58          1  1  1  1  0  1  0  1
59          1  0  0  1  0  0  1  0
60          1  0  0  0  1  1  1  1
61          1  1  1  1  0  1  1  0
62          1  0  0  1  0  1  1  1
63          1  0  1  0  1  0  1  1
64          1  0  1  0  0  1  0  1
65          1  1  1  0  0  1  0  0
66          1  0  0  0  0  0  0  0
